AB-AB 0.5 0 0 0 11.1 44.4 11.1 33.3
AB-B 0.3 20 0 0 20 20 40 0
AB-A 1 10.5 5.3 5.3 21.1 10.5 26.3 21.1
AB-O 0.7 7.7 0 7.7 30.8 15.4 7.7 30.8
B-AB 1.3 50 4.2 8.3 8.3 16.7 4.2 8.3
B-B 2.5 4.3 2.1 6.4 12.8 23.4 19.1 31.9
B-A 7.8 59.9 2.7 13.6 9.5 4.8 4.8 4.8
B-O 3.8 14.1 2.8 16.9 19.7 18.3 15.5 12.7
A-AB 1.9 50 5.6 13.9 8.3 11.1 5.6 5.6
A-B 5.3 52.5 2 10.1 14.1 11.1 2 8.1
A-A 9.7 7.7 1.6 15.3 21.9 18 14.2 21.3
A-O 8.5 6.9 1.9 13.1 15.6 22.5 13.1 26.9
O-AB 1.9 47.2 13.9 13.9 13.9 2.8 2.8 5.6
O-B 10 57.7 6.3 13.2 5.8 4.2 4.8 7.9
O-A 26.2 48.8 6.3 15.7 10.2 5.7 5.7 7.7
O-O 18.7 7.1 2 14.2 21.9 23.1 15.7 16